2
3
4
5
7
8
9
12
13
16
18
20
21
22
24
26
28
29
30
31
32
33
34
35
37
38
39
40
41
42
44
46
48
49
50
51
52
53
54
55
56
57
58
59
60
61
62
63
64
66
67
68
69
70
71
73
74
76
77
78
79
83
84
85
87
91
92
93
94
95
96
97
100
102
103
105
106
108
109
110
112
115
116
117
118
119
120
121
122
126
128
130
131
133
134
135
136
137
138
139
140
142
143
144
145
147
148
149
150
152
153
154
155
157
158
161
163
164
165
166
167
169
170
171
172
173
174
176
177
178
179
180
181
183
184
186
188
189
190
191
192
193
194
195
196
197
198
199
200
201
202
203
206
207
208
209
211
213
214
215
218
219
220
223
224
225
226
228
229
231
232
233
234
236
239
241
242
246
248
249
250
253
254
255
256
257
258
259
260
261
263
267
268
269
270
271
272
274
275
276
277
278
279
280
282
283
285
286
287
288
290
291
292
293
294
295
297
303
304
305
306
308
309
310
311
312
313
314
315
317
318
320
322
323
324
327
328
329
331
332
333
335
336
337
338
339
340
341
342
343
344
347
348
349
351
352
353
355
356
357
360
361
365
366
367
368
369
372
374
375
376
377
379
387
390
391
392
393
395
396
401
403
404
407
408
409
410
412
414
415
417
418
419
420
421
426
428
429
431
432
433
435
436
438
439
440
441
442
443
444
445
446
448
449
451
452
453
454
455
456
459
460
461
464
465
466
467
468
470
471
476
477
478
479
481
482
483
484
485
486
487
489
490
491
492
493
494
495
497
498
500
501
504
505
506
507
509
510
511
512
513
514
515
517
519
520
521
522
523
524
525
526
529
530
531
532
533
536
538
539
541
543
544
545
547
549
550
551
552
553
554
556
557
559
561
562
564
566
567
568
569
570
572
573
574
575
578
580
581
582
583
584
588
589
592
594
598
599
600
601
602
603
604
605
606
607
610
611
612
