1
2
3
4
5
6
8
11
12
13
14
15
16
17
18
19
20
21
22
25
26
27
29
30
31
32
33
36
38
39
40
41
42
43
44
45
46
47
48
49
50
51
52
53
55
57
58
59
60
62
63
64
65
66
67
68
69
70
71
72
73
74
75
76
77
78
79
80
81
82
83
84
86
87
89
90
91
92
94
95
96
97
98
99
100
102
104
106
107
108
109
111
112
113
114
115
116
117
119
120
121
122
123
124
125
126
128
129
130
131
132
133
134
135
137
138
139
140
141
142
143
144
145
147
148
149
150
151
152
153
154
155
156
157
159
162
163
164
165
166
167
168
169
170
172
173
174
175
176
177
178
180
182
183
184
186
189
190
191
192
193
194
195
196
198
199
200
202
203
204
206
208
210
211
212
213
214
215
216
217
219
220
221
223
224
225
226
227
228
229
230
231
233
234
237
238
239
240
241
242
243
244
245
246
247
248
249
250
251
252
253
254
255
256
257
258
260
261
262
263
264
265
266
267
268
269
272
273
275
276
277
278
279
280
283
284
286
287
288
289
290
291
294
295
297
298
299
301
302
303
304
306
307
308
311
312
314
315
316
319
320
321
322
323
328
329
330
331
332
333
334
335
336
338
339
341
342
345
346
347
348
349
350
351
352
353
354
356
358
359
360
362
363
365
366
367
368
370
372
374
375
377
378
379
